0.25
-0.0464009
0.710433
0.22685
0.0893463
0.0660481
-0.382245
-0.671894
0.223971
0.221072
-0.665398
-0.627302
0.699898
-0.291499
-0.0491687
0.0191188
2.53967
-2.5677
-0.106319
0.134347
-2.13189
-0.940081
0.532301
2.41373
3
0.647077
-1.8634
-0.0506606
0.71273
0.310229
-0.00236539
0.0732799
-0.394553
-0.726283
0.159531
0.240083
-0.579194
-0.520159
0.71347
-0.358023
0.0415761
0.0241823
2.34843
-2.35623
0.202492
-0.344649
-1.52093
-1.55536
0.976912
2.10106
2.88771
0.380017
-1.79864
-0.048201
0.713173
0.212349
0.00609089
0.162602
-0.412978
-0.627954
0.163017
0.247218
-0.734778
-0.0331932
0.643241
-0.42226
-0.093764
-0.0358885
0.52912
-0.935851
0.62536
-0.515889
-0.745777
0.0976133
0.199771
3
-2.61484
-0.189236
-0.228179
-0.0151606
0.721179
0.279211
-0.0266599
0.271235
-0.431403
-0.649433
0.166611
0.237945
-0.657143
-0.126581
0.636482
-0.430938
-0.0938897
-0.0226252
0.665226
-1.39419
1.18415
-0.3852
-0.891477
0.117681
0.200086
2.17377
-1.96427
-0.100463
-0.441753
-0.040511
0.713319
0.268623
-0.0730915
0.313526
-0.44516
-0.677684
0.170814
0.245091
-0.605889
-0.197754
0.632807
-0.447825
-0.0948524
-0.0243291
0.569527
-1.11259
0.842874
-0.362485
-0.79103
0.10377
0.200814
1.43511
-1.36274
-0.0599344
-0.46829
-0.0511479
0.710434
0.278195
-0.112803
0.345492
-0.46119
-0.705307
0.174417
0.252307
-0.577079
-0.246423
0.630667
-0.464728
-0.107667
-0.0344833
0.537656
-1.1681
0.992983
-0.4501
-0.773445
0.0927205
0.214122
0.806696
-0.832129
0.0113259
-0.540384
-0.0555626
0.70884
0.29325
-0.14675
0.373105
-0.477265
-0.729654
0.177804
0.260055
-0.565928
-0.276142
0.631071
-0.484027
-0.123431
-0.0378577
0.4225
-0.948413
0.773179
-0.20929
-0.681697
0.0889033
0.234367
0.312223
-0.411629
0.0942193
-0.609763
-0.0872488
0.711226
0.255601
-0.163189
0.392327
-0.48474
-0.740212
0.180979
0.268425
-0.56456
-0.290843
0.634436
-0.506066
-0.0476004
-0.0116826
0.118805
-0.460295
0.538219
-0.133172
-0.0657449
-0.255714
0.202653
0.038316
-0.0176566
0.319918
-0.617073
3.04527
1.63789
-0.159796
7.41378
6.19032
7.79391
12.3304
3.59951
-0.931203
-0.603381
-1.67175
2.00395
-0.503892
76.1159
40.5257
3.19798
-52.0321
-25.6111
-19.8302
-12.887
-13.8972
-35.4099
-23.471
-10.2068
-1.71975
0.00129286
-11.7987
-3.6235
9.77654
2.62122
8.97693
4.48996
-0.0120252
51.5534
14.6335
-0.811262
-8.32314
-4.96521
9.78274
1.2842
-4.83661
-1.83968
0.910995
65.4757
20.2925
-4.29251
-8.40849
-5.21267
10.3153
1.35544
-49.8853
-26.9041
20.9553
85.7818
37.8373
-1.5394
-7.04221
-3.73094
11.4304
2.40838
5.4491
3.54822
-0.42192
86.5495
42.3215
24.8184
-10.1421
-7.2004
10.4606
0.120161
-49.5493
-37.2896
-14.8437
81.973
14.7303
-35.5951
-6.96027
-3.42381
11.3091
2.25906
-0.0154755
0
-0.00130779
0
-1.63105
89.9333
-4.24813
12.2502
0
0
0
0
-0.000494973
5.55112e-17
0.0175134
0
14.4829
41.3797
35.8215
102.347
0
0
0
0
-23.5347
70.4775
184.624
527.497
0.0383094
0
-0.00258026
-1.38778e-17
-1.03755e-15
0
0
0
-0.00312369
6.93889e-18
-0.0136614
0
-95.0204
271.487
51.757
267.715
0
0
0
0
-6.4062
19.1378
-0.068262
0.256606
-85.0829
243.094
56.0745
297.65
0
0
0
0
-77.8724
233.462
0.0515484
3.13255
10.0318
115.894
49.6959
209.653
0
0
-3.22882e-15
0
-0.00478659
0
0.0306728
0
-102.469
446.9
16.4577
204.39
0
0
0
0
-0.151474
0
-32.4047
113.895
5.8525
16.8812
26.8433
423.78
0
0
0
0
