0.25
-0.0464
0.746369
-0.169226
0.0257743
0.185875
-0.0424235
-1.0044
0.1504
0.2794
-0.6654
-0.627301
0.6999
-0.2915
1.11506
0.0320116
0.304579
1.01528
0.806716
-2.12658
-0.832283
2.26493
-1.27199
1.17043
-1.84458
-0.869967
-1.09106
-0.0430184
0.749302
-0.00433244
-0.0575897
0.0338216
0.0275654
-0.985093
0.231291
0.322735
-0.6236
-0.693178
0.66943
-0.330467
0.698509
0.0311294
-0.218667
1.26427
0.0604891
-1.10609
1.06023
-0.73255
1.2134
1.13455
-1.59653
-0.510045
-1.33193
-0.0325233
0.749623
-0.0344883
-0.0124371
0.0359819
0.0109435
-0.881257
0.210348
0.366071
-0.569054
-0.727234
0.651214
-0.370236
0.90474
0.0254921
-0.924795
2.25816
0.118649
-1.45201
2.67464
-0.586404
0.443694
1.52726
-0.953561
0.477526
-1.11353
-0.1046
0.743502
0.208248
-0.367132
0.0371756
0.121709
-0.803286
0.189405
0.323302
-0.52887
-0.777371
0.673928
-0.369369
-0.00505885
-0.000918289
0.332817
-0.357434
0.0334235
-0.00880643
-0.192818
1.98299
-1.19755
1.12549
-1.40383
0.63598
-1.84826
-0.107523
0.743075
0.215872
-0.379912
0.0383954
0.125644
-0.812653
0.246042
0.280532
-0.488674
-0.809762
0.696641
-0.428832
-0.0185147
-0.00291592
0.288532
-0.334447
0.0341527
0.0117623
-0.262265
1.58583
-0.595627
0.653037
-0.906937
0.609862
-1.66498
-0.116925
0.741639
0.21116
-0.390448
0.0396151
0.139673
-0.823087
0.290442
0.259259
-0.465351
-0.829901
0.718228
-0.482838
-0.0249982
-0.00424003
0.239191
-0.295014
0.0336177
0.0222054
-0.292153
1.24321
-0.145681
0.324474
-0.563899
0.604415
-1.51216
-0.118193
0.741412
0.216254
-0.398125
0.0408157
0.141055
-0.836555
0.324684
0.254057
-0.453763
-0.841929
0.74052
-0.532014
-0.0217418
-0.00372397
0.16742
-0.214953
0.027182
0.020351
-0.377947
0.958774
0.160561
0.113585
-0.336776
0.624183
-1.37693
-0.125799
0.740121
0.203382
-0.397606
0.0417865
0.152438
-0.850023
0.339927
0.259791
-0.449706
-0.848186
0.762812
-0.575414
0.0141995
0.00257889
0.0144153
0.0145211
-0.0134585
-0.0154779
-0.179024
0.426818
0.387733
0.0339822
-0.175221
0.68634
-1.2152
-70.7749
-59.4772
-17.8878
23.2077
14.1293
3.31632
1.56301
3.64792
18.4876
8.54776
26.1643
38.4904
55.7655
-6.97236
-0.124116
0.539731
-9.55203
-5.02707
6.14381
-0.109873
-100
-58.5358
-10.4758
45.9937
21.8086
4.31109
9.97291
8.49841
30.1265
16.0801
43.4003
22.732
6.88332
-13.799
-3.24345
-0.278525
-7.02678
-4.58994
11.8946
2.59309
55.6477
44.8035
39.1582
-14.0403
-3.23058
-0.345804
-6.76053
-5.1355
12.0763
2.34832
41.4147
13.7108
-9.08414
-14.2954
-3.01377
-0.289875
-7.52
-5.01128
11.8676
2.29832
69.3187
48.9152
33.9505
-27.3073
-8.82107
-1.42834
-7.51572
-5.72107
11.937
2.02083
40.0549
8.78876
-17.3923
-14.5067
-2.96413
-0.268472
-8.23326
-5.39459
11.8772
2.27076
-46.3682
162.246
-58.0609
275.295
0
0
0
0
0
0
0
0
-66.1173
500.104
0.299724
0
0
0
0
0
0
0
0
0
-72.6073
207.449
-75.0556
214.444
0
-2.25896e-16
0
-4.41178e-16
0
0
0
0
-2.91469
286.068
-12.6168
271.258
0
0
0
0
0
0
0
0
-80.1177
443.276
31.4868
111.919
0
0
0
0
0
0
0
0
17.3774
208.92
-20.7564
346.65
5.39393e-16
0
0
0
-4.68235e-17
0
0
0
-62.9493
415.025
33.8234
148.188
0
0
0
0
0
0
0
0
-1.63018
169.997
2.09961
384.926
0
0
0
0
1.53744e-16
0
0
0
44.7799
127.943
0.00121051
0
0
0
0
0
0
0
0
0
91.0425
260.121
95.7294
273.513
0
0
0
0
0
0
0
0
-0.015636
-3.46945e-18
0.00745938
0.0263982
0
0
0
0
0
0
0
0
-9.28575
337.362
13.2457
193.492
0
0
0
0
0
0
0
0
-12.8821
307.603
17.6161
236.894
0
0
0
0
0
0
0
0
22.8044
298.347
-8.21336
261.231
0
0
0
0
0
0
0
0
-71.3132
302.529
83.6338
305.727
0
0
0
0
0
0
0
0
