0.250108
-0.0464
0.746369
-0.169224
0.0257758
0.185874
-0.0424258
-1.0044
0.150399
0.2794
-0.665401
-0.6273
0.699899
-0.2915
0.568262
-0.00420006
-0.393592
0.725008
1.09035
-1.42177
-0.810367
2.26761
-1.27087
1.18127
-1.83731
-0.792516
-1.04827
0.0471726
0.721479
-0.457782
0.269432
0.56577
-0.376683
-0.432894
0.000179892
0.0857109
0.173514
-0.6795
0.949962
-0.792531
0.385302
0.185108
-0.654324
2.45886
-2.43757
0.637865
0.205496
-1.15221
0.801125
0.185435
1.97473
-2.96552
1.35507
-0.0360697
0.661678
-0.126275
-0.439733
1.05253
-0.48674
-1.39738
0.964824
-0.80366
-0.274234
-0.731867
0.74213
-0.00494935
0.466349
0.201834
0.234199
1.16975
-1.12132
-0.282763
-1.95931
2.96426
0.945966
-0.414768
2.93528
-0.185855
-2.60262
-0.0446164
0.566278
-0.0914588
-0.743407
1.53749
-0.702843
-1.36439
1.42774
-0.339618
-0.741669
-0.13688
0.46385
-0.012234
0.426292
0.216514
1.08132
0.275489
-0.831399
-0.525415
2.01685
1.7196
-2.30091
0.460398
-1.1929
-0.28086
-2.69225
-0.104545
0.528358
0.218
-1.2587
1.66354
-0.623049
-2.15017
2.00812
-0.180444
-0.300867
-1.13254
1.03576
-0.966052
0.148446
0.221749
1.06112
-0.237037
-0.774777
-0.0493031
-0.156191
-2.507
2.88612
-0.501002
2.94389
0.893724
1.6903
-0.147108
0.49447
0.39934
-1.60103
1.75122
-0.549745
-2.14922
2.12542
-0.464052
-0.00395654
-1.55809
0.105079
-0.236666
-0.094026
0.0128272
0.459441
-0.579043
-0.169426
0.289028
-0.382981
-0.08025
-1.37623
-0.920034
2.51795
1.62777
-1.84422
-0.198425
0.462724
0.583188
-1.94842
1.78857
-0.423568
-2.05983
1.99232
-0.495112
-0.166944
-1.41749
0.323963
-0.205408
0.0507377
0.123118
-0.0366751
0.456012
-0.342228
-0.0768935
1.14991
-2.83705
2.45892
-0.900723
2.55751
0.439759
0.738909
-0.212256
0.443697
0.704763
-2.14252
1.82812
-0.390469
-2.32031
1.94805
0.0362898
0.122432
-1.98283
0.256645
-0.940795
-0.00655897
0.00386023
-0.0377414
0.0412024
-0.0258009
0.0223398
-0.0252159
-0.0659851
0.190985
-0.125427
0.521739
0.0364251
0.184946
4.15333
2.88412
1.79772
7.50225
2.81101
-0.178078
50.2962
26.1053
-14.6756
-19.4813
-77.211
-92.3977
-20.2886
-46.5461
-9.76274
-5.19618
-37.1349
-20.5253
58.3683
42.9781
-23.3916
-20.7806
-1.24137
34.3609
27.4172
7.36943
-13.1204
1.48644
-21.4232
-12.1023
-8.33299
-93.0649
20.8235
-42.4626
11.7726
0.89962
-1.15593
-12.3299
25.1976
1.49067
-6.19969
-55.5771
-4.11429
9.35328
15.5057
1.74328
13.4381
-1.12145
-33.911
-9.86626
-21.215
-87.6825
-7.04103
12.2643
11.6268
1.87591
3.67196
2.96503
42.0872
23.8311
76.6023
-39.5467
-5.73194
-22.0474
2.99844
1.6816
2.48047
-11.6856
-38.2296
-33.6726
97.5067
-62.0949
3.07221
-15.8084
3.29336
0.381279
3.02919
-5.561
9.70475
0.134067
50.2797
143.656
-47.9679
161.943
0
0
0
0
0
0
0
0
62.1656
182.552
-81.5033
409.466
0
0
0
0
0
-3.78369e-16
0
0
-7.35005
63.3422
-14.8089
67.4938
0
-4.00141e-15
0
0
0
0
0
0
-104.774
339.154
39.9262
149.038
1.9955e-14
-3.41749e-14
0
0
0
0
0
0
20.6299
109.303
-44.2448
152.232
-1.69646e-18
3.86061e-15
0
-1.3528e-15
0
0
0
0
-42.0434
160.746
-57.8274
169.575
0
0
0
0
0
0
0
0
-30.4594
132.629
92.9539
283.761
0
0
0
0
0
0
0
0
79.2103
260.888
-79.2646
293.374
0
0
0
0
0
-1.01709e-14
0
0
-12.8773
37.5342
-14.957
43.972
0
0
0
0
0
0
0
0
-1.39365
15.9625
-3.79988
27.2975
0
0
0
0
0
0
5.4827e-14
0
185.612
535.737
381.639
1090.4
0
0
0
0
0
0
0
0
119.052
372.712
260.3
744.144
0
0
0
0
0
0
0
0
-124.373
355.688
190.914
557.24
0
0
0
0
0
0
0
0
-102.813
341.313
-86.9684
319.134
0
0
0
0
0
0
0
0
-107.044
364.072
160.802
516.557
0
0
0
0
0
0
0
1.06724e-13
