0.250005
-0.0464
0.746369
-0.169224
0.0257758
0.185874
-0.0424258
-1.0044
0.150399
0.2794
-0.665401
-0.6273
0.699899
-0.2915
0.568262
-0.00420006
-0.393592
0.725008
1.09035
-1.42177
-0.810367
2.26761
-1.27087
1.18127
-1.83731
-0.792516
-1.04827
0.000327811
0.729771
-0.33662
0.109763
0.498324
-0.271468
-0.791838
0.514545
0.243984
-0.496441
-0.0805866
0.773269
-0.384713
0.659122
-0.0644504
-0.722267
1.46036
0.620545
-1.35864
1.63346
-0.224564
1.98793
-0.938095
1.82662
-0.302507
-1.0096
0.105145
0.713553
-0.635507
0.548394
0.55695
-0.469838
-0.775152
1.17675
0.125161
0.311178
-0.471611
1.04371
-0.0217728
0.0377444
-0.0162242
0.45944
-0.444155
0.0978869
-0.113171
-0.035056
-0.945999
-2.0789
-0.953612
0.688143
0.10508
-2.26344
0.0938966
0.712323
-0.611059
0.488892
0.592294
-0.470126
-0.778174
1.40718
-0.146911
0.429725
-0.00361901
0.929872
-0.0570007
-0.202796
-0.104069
1.52557
-2.54324
1.45075
-0.433081
-2.04008
0.410792
-0.833969
1.43644
-2.59097
-0.412304
-2.57057
0.063745
0.687057
-0.475379
0.181456
0.85025
-0.556327
-1.13669
1.55834
-0.457779
0.646062
-0.465868
0.954881
-0.340309
-0.188967
-0.152048
1.52655
-2.46389
1.30911
-0.371778
-2.16481
-1.52585
0.0747973
1.08353
-2.23456
-0.976679
-2.4008
0.124405
0.688412
-0.69699
0.550781
0.753563
-0.607354
-1.06068
1.42746
-0.934494
0.413806
-0.476035
0.678485
-0.0962547
0.0958531
-0.076292
1.03902
-1.07476
0.43796
-0.402225
-2.54018
-1.39545
2.66935
-0.98106
1.23883
-2.70891
0.824401
0.149896
0.675842
-0.706184
0.582805
0.800443
-0.677064
-1.3182
1.84106
-0.190808
0.466092
-0.527788
0.648928
-0.262832
0.306827
-0.0782461
1.08066
-0.51794
-0.0679246
-0.494794
-2.27009
2.69967
-2.95638
-0.220849
-0.15277
-1.3825
-0.820446
0.196987
0.662439
-0.766279
0.73239
0.784681
-0.750792
-1.31198
2.43275
-0.347041
0.660356
-0.955314
1.01938
-0.625645
-0.000685499
-0.00127908
2.36734
-2.37343
0.0115586
-0.00546091
-1.27993
1.06405
2.78211
-1.39355
-0.384002
-1.45061
-1.32453
-11.1623
-3.0453
15.7373
7.79778
11.7927
2.83948
27.8937
23.8592
0.687524
-4.04063
18.486
-6.64538
12.2304
-35.0208
-0.469624
0.869968
34.1571
12.6668
31.7727
21.4243
-86.2809
-75.2164
17.7905
-5.49777
9.30634
0.9727
35.0615
27.3969
-3.08088
-3.22444
-54.3124
-68.8538
6.62538
-35.1217
-4.3797
-2.9274
-0.875864
-5.02869
2.83891
-2.2245
75.865
-4.71629
20.9856
-54.4522
-23.1539
-7.87598
-45.3259
-28.4554
-27.2981
-14.1529
-42.3682
-77.3397
-2.92636
-25.1691
6.91423
3.94887
-7.32131
-4.77427
-14.5481
-10.385
-46.9512
-70.5764
-1.4689
-2.49518
18.3807
2.9605
-17.7622
-16.6198
10.2004
0.533063
-75.2085
-98.4928
-6.44138
-15.1258
3.66981
-0.23729
-8.30275
-4.8683
-3.20347
-3.0176
-93.0141
265.755
42.9932
122.838
0
0
0
0
0
0
0
0
69.2527
197.865
-49.8602
142.458
0
0
0
0
0
0
0
0
-119.42
341.201
46.0574
173.271
0
-2.43404e-15
0
0
0
0
0
-9.28963e-15
-95.6476
273.279
95.7035
273.439
-8.32929e-15
-6.59991e-15
0
0
0
0
0
6.79355e-16
74.6381
213.252
69.6686
199.053
0
9.27484e-17
0
0
0
0
0
0
-62.0348
189.225
108.66
310.458
0
0
0
0
0
0
0
0
-56.8442
162.412
85.5604
244.458
0
0
0
0
0
0
3.23786e-16
-1.30065e-14
-59.7703
170.772
116.387
332.534
0
0
3.7835e-15
0
0
0
-2.06776e-15
0
42.1845
120.527
9.97683
29.2124
0
0
0
0
0
0
0
0
55.0911
157.403
41.8881
119.68
0
0
0
0
0
0
0
0
-165.347
479.664
167.313
478.037
0
0
0
0
0
0
0
0
-80.2696
229.342
40.236
114.96
0
0
0
0
0
0
0
0
-74.8819
213.948
57.6143
164.612
0
0
0
0
0
0
0
0
-72.7604
207.887
110.496
315.702
0
0
0
0
0
0
0
0
79.9539
228.44
214.256
612.161
0
0
0
0
0
0
0
0
