0.25
-0.0464
0.746369
-0.169224
0.0257758
0.185874
-0.0424264
-1.0044
0.150399
0.2794
-0.665401
-0.6273
0.699899
-0.2915
0.568262
-0.00420006
-0.393592
0.725008
1.09035
-1.42177
-0.810367
2.26761
-1.27087
1.18127
-1.83731
-0.792516
-1.04827
-0.0370607
0.745115
-0.202499
0.0453763
0.242008
-0.08526
-0.965741
0.231385
0.160563
-0.557382
-0.692918
0.600244
-0.328938
0.444412
-0.0241707
-0.374265
0.548815
1.02479
-1.19934
-0.860407
2.18346
-0.97849
0.908844
-1.5056
-0.595953
-0.97414
-0.0518283
0.744574
-0.212583
0.0382325
0.230599
-0.0562486
-0.998257
0.302697
0.187408
-0.534653
-0.611289
0.594028
-0.355792
0.269873
-0.0151502
-0.282354
0.282978
0.830417
-0.831041
-0.910447
1.99674
-0.14689
0.63642
-1.18547
-0.174056
-0.751912
-0.04219
0.746489
-0.217073
0.0766819
0.193157
-0.0540589
-1.01218
0.380584
0.475555
-0.441995
-0.653627
0.60288
-0.382646
0.165336
-0.00578878
-0.125725
0.172818
0.415647
-0.46274
-0.888487
1.43775
0.526451
0.149226
-0.599964
0.247842
-0.651717
-0.0377854
0.74605
-0.219069
0.0778412
0.208001
-0.0667739
-1.02864
0.411969
0.494447
-0.454066
-0.460547
0.619153
-0.362753
0.123329
-0.00292195
-0.0558804
0.131758
0.24117
-0.356019
-0.772319
0.878772
0.544554
-0.337968
-0.0144591
0.455656
-0.551521
-0.0345354
0.746005
-0.221064
0.0825468
0.212626
-0.0741086
-1.00585
0.443353
0.513896
-0.42474
-0.460775
0.636451
-0.38245
0.0909986
-0.00461294
-0.0572843
0.0902819
0.215305
-0.249298
-0.656151
0.588527
0.562656
-0.279945
-0.014115
0.484343
-0.570897
-0.0453213
0.74532
-0.203344
0.0445636
0.219711
-0.0609383
-1.0238
0.454006
0.533131
-0.433546
-0.460433
0.601634
-0.402839
0.0428357
-0.00511577
-0.0541251
0.0209625
0.198379
-0.166388
-0.502577
0.298282
0.538597
-0.246572
-0.0122036
0.449079
-0.590273
-0.0437919
0.745131
-0.205458
0.0454863
0.226796
-0.066824
-1.04008
0.464659
0.552556
-0.442352
-0.460869
0.600467
-0.424327
0.0428234
-0.00528452
-0.0540906
0.0210023
0.197888
-0.1648
-0.443691
0.298279
0.538597
-0.24403
-0.0126138
0.449074
-0.590271
16.1688
7.50659
24.6246
-16.8222
-4.65516
-0.85154
-7.10654
-3.05395
-4.09022
-5.40826
-16.9503
-15.4231
28.1149
-13.6529
-3.23476
-0.170258
-10.444
-2.01664
24.0127
12.2239
-16.7115
-16.6549
27.9072
-10.1563
1.0883
1.9688
-3.14526
-0.34195
23.7688
10.5144
-13.51
-34.6896
-23.1714
-28.1184
-11.7119
-1.78006
-14.8087
-3.10708
18.2515
8.60117
-4.63602
-17.5375
5.22539
-17.1427
-3.21283
0.109759
-8.48599
-3.24689
7.01435
1.45622
11.1417
2.17831
29.0273
-27.8891
-9.77768
-1.31411
-8.90373
-3.62645
2.43097
-1.49451
-3.38043
-22.9973
-7.79915
-15.5688
-2.44033
0.422933
-9.26832
-3.81669
2.61959
-1.27278
3.36025
-22.1422
-10.5269
-24.9254
-6.78898
-0.53541
-12.4615
-5.43902
4.29626
-0.188031
17.9705
343.127
-51.5074
147.164
0
0
0
0
0
0
0
0
-84.7976
407.614
-2.6114
139.235
0
0
0
0
0
0
0
0
-146.393
418.265
43.5658
138.97
0
-3.40828e-16
0
0
0
0
0
-5.90871e-18
-14.8381
153.126
8.62158
415.693
-8.28266e-15
9.75638e-15
0
0
0
0
0
0
58.8482
282.839
-92.8616
265.319
-6.86045e-17
0
0
0
0
0
0
0
-5.69225
396.083
-36.8164
160.361
0
0
0
0
-8.46559e-15
0
0
0
-3.24934
212.788
-12.3865
326.382
0
0
0
0
0
1.21084e-16
0
0
-24.5151
200.866
23.9906
353.886
-1.04084e-15
0
0
0
0
0
0
0
53.0619
175.318
0.0954124
0.308788
0
0
0
0
0
0
0
0
42.6187
228.459
-9.18546
26.2452
0
0
0
0
0
0
0
0
-1.36263
109.715
32.9998
133.542
0
0
0
0
0
0
0
0
-9.37813
95.4293
49.9858
244.905
0
0
0
0
0
0
0
0
-49.7441
298.377
78.7623
240.065
0
0
0
0
0
0
0
0
-44.8961
286.357
69.3585
271.076
7.19537e-14
0
0
0
0
0
2.89312e-14
0
27.8666
204.016
-4.53067
367.492
0
0
0
-1.91426e-14
0
0
0
0
