0.25
-0.0464
0.746369
-0.169224
0.0257758
0.185874
-0.0424258
-1.0044
0.150399
0.2794
-0.665401
-0.6273
0.699899
-0.2915
0.568262
-0.00420006
-0.393592
0.725008
1.09035
-1.42177
-0.810367
2.26761
-1.27087
1.18127
-1.83731
-0.792516
-1.04827
-0.0363127
0.744388
-0.210367
0.048134
0.254495
-0.0926396
-0.960292
0.225791
0.119397
-0.630894
-0.644299
0.666371
-0.329269
0.448945
-0.0240187
-0.345866
0.559073
0.962755
-1.17596
-0.840319
2.10725
-1.07846
0.938764
-1.55732
-0.884644
-1.07992
-0.0484212
0.742652
-0.218431
0.0225826
0.283616
-0.0871822
-0.990308
0.28032
0.107962
-0.544673
-0.724478
0.342419
-0.169572
0.333965
-0.0201949
-0.225801
0.335696
0.815396
-0.931584
-0.832653
1.52684
-0.320196
0.576241
-0.992095
-1.23655
-0.825092
-0.038742
0.741931
-0.226495
0.0346522
0.305777
-0.113934
-0.931616
0.314121
0.122439
-0.53704
-0.684437
0.196912
-0.19904
0.271018
-0.0232146
-0.230636
0.347219
0.620498
-0.778826
-0.609356
0.946424
0.405356
0.213719
-0.426871
-1.03057
-0.843805
-0.033086
0.741125
-0.233893
0.0414154
0.324681
-0.132541
-0.878548
0.347934
0.136916
-0.478716
-0.699682
0.176761
-0.216956
0.166352
-0.0226077
-0.204068
0.199379
0.525694
-0.521005
-0.418656
0.727367
0.420692
0.0810677
-0.176409
-0.564235
-0.613758
-0.0332329
0.740551
-0.238343
0.0398863
0.336016
-0.13756
-0.891677
0.366088
0.152488
-0.489794
-0.615182
0.157644
-0.107047
0.0671593
-0.015168
-0.128329
0.0737245
0.317386
-0.263184
-0.353725
0.50831
0.436028
-0.153465
0.0740537
-0.558241
-0.32172
-0.0320545
0.740122
-0.241803
0.0408877
0.34456
-0.143606
-0.902034
0.418661
0.167167
-0.487049
-0.612537
0.1348
-0.118537
0.0511512
-0.0119258
-0.108606
0.0683824
0.239222
-0.199473
-0.290017
0.421841
0.411011
-0.179179
0.0986424
-0.17873
-0.329716
-0.0302269
0.739686
-0.244911
0.0425839
0.353067
-0.150739
-0.909579
0.398081
0.18186
-0.500422
-0.608622
0.133067
-0.00764714
0.0490337
-0.0123341
-0.110729
0.0677352
0.238198
-0.195204
-0.266874
0.335372
0.411011
-0.204892
0.10961
-0.0485268
0.00555048
19.1442
11.9508
30.8451
-18.3246
-5.58003
-1.2261
-13.5047
-4.84987
3.20664
-1.35737
-20.4117
-29.3149
3.72635
-9.49696
-2.03442
-0.190938
-2.43355
0.345235
-6.83223
-3.53275
9.29592
-16.3075
6.8154
-20.8671
-8.09839
-0.265301
-14.0425
-3.17321
-10.4903
-7.25812
-11.3384
-28.3769
1.86333
-12.3221
-1.8289
0.010234
-8.61555
-3.21648
15.8906
8.37274
-18.907
-32.7344
12.1439
-13.9758
-3.6636
-0.519269
-11.3445
-2.80727
13.1335
9.09938
-0.0119519
-24.6102
6.73703
-17.7939
-3.45081
-0.357058
-9.61318
-3.73038
-2.96054
-1.74192
-7.24844
-30.5505
1.52401
-19.2879
-5.15226
-0.638695
-14.1816
-6.10737
18.5061
12.1468
5.29544
-26.9646
-1.14491
-24.6265
-7.12678
-1.01492
-13.9354
-6.0411
-2.02549
-0.724158
4.36049
378.43
-43.1525
123.833
0
0
0
0
0
0
0
0
33.8135
272.835
-87.0525
248.721
0
0
0
0
0
0
0
0
-89.9384
287.431
66.7093
265.524
0
0
0
0
0
0
0
0
-89.0699
258.832
52.1871
266.063
0
0
0
0
0
0
0
-1.36492e-14
-108.606
336.901
44.9203
234.289
-2.08618e-14
-5.72257e-16
0
0
0
0
0
7.44786e-16
-85.4337
286.619
61.4295
264.937
0
6.47559e-17
0
0
0
0
0
0
73.3275
260.236
-98.5614
282.846
0
0
0
-2.50091e-16
0
-1.20733e-16
0
0
16.9162
242.279
-17.2212
312.091
0
0
0
0
0
0
-2.04403e-15
0
44.4
126.857
12.4858
35.6737
0
0
0
-3.83541e-14
0
0
0
0
29.2178
101.901
48.6644
142.442
0
0
0
0
0
-1.46156e-13
0
0
20.089
112.905
56.9208
165.818
0
0
0
0
0
0
0
0
-6.44207
174.563
75.0998
216.972
0
0
0
-6.88548e-14
-3.36143e-14
0
0
0
-2.90679
232.139
41.6992
224.042
0
0
0
0
0
0
0
0
-43.7998
261.926
57.8267
296.469
6.74259e-14
0
0
0
0
0
0
0
21.3398
278.717
0.331871
364.511
0
0
0
0
0
0
0
0
