0.25
-0.0464
0.746369
-0.169224
0.0257758
0.185874
-0.0424258
-1.0044
0.150399
0.2794
-0.665401
-0.6273
0.699899
-0.2915
0.568262
-0.00420006
-0.393592
0.725008
1.09035
-1.42177
-0.810367
2.26761
-1.27087
1.18127
-1.83731
-0.792516
-1.04827
-0.0341869
0.744609
-0.208343
0.051669
0.249877
-0.0932032
-0.962695
0.228749
0.104814
-0.479114
-0.692918
0.606822
-0.330332
0.424393
-0.0233197
-0.356402
0.558947
0.908035
-1.11058
-0.876521
2.1938
-1.11281
0.815713
-1.06141
-0.574721
-1.08729
-0.0315707
0.743438
-0.219296
0.0520445
0.279038
-0.111773
-0.993999
0.286104
0.0926054
-0.449982
-0.62691
0.594075
-0.349922
0.256474
-0.0298039
-0.306691
0.295452
0.8165
-0.80526
-0.779694
1.60593
-0.341855
0.281045
-0.34824
-0.356927
-1.06982
-0.0266255
0.741845
-0.240043
0.0625964
0.314709
-0.137312
-0.925802
0.322463
0.349534
-0.327743
-0.639457
0.513929
-0.38813
0.227022
-0.0316075
-0.271387
0.265982
0.717015
-0.715077
-0.588793
1.01806
0.380366
0.277178
-0.351311
-0.19058
-1.02779
-0.0314821
0.740726
-0.245262
0.0506752
0.333755
-0.139168
-0.907086
0.375999
0.363592
-0.325807
-0.646605
0.514944
-0.414379
0.13791
-0.0249327
-0.146155
0.093556
0.533285
-0.480996
-0.496538
0.69787
0.393617
0.0512274
-0.200139
0.0284159
-0.734961
-0.0325707
0.740076
-0.169725
-0.0322261
0.345028
-0.143075
-0.924819
0.389487
0.37765
-0.332047
-0.645364
0.523789
-0.440627
0.056149
-0.0162004
-0.0654027
-0.00728485
0.319284
-0.246916
-0.426005
0.377681
0.416086
-0.174724
-0.0489677
0.247646
-0.550186
-0.0310908
0.739567
-0.168524
-0.0359898
0.354731
-0.150217
-0.922041
0.402976
0.395124
-0.336721
-0.647595
0.532642
-0.39005
0.0418783
-0.0153073
-0.0591236
-0.0189733
0.285876
-0.20814
-0.357465
0.32096
0.429844
-0.130875
-0.0518155
0.255273
-0.46723
-0.0319522
0.738949
-0.171768
-0.0392228
0.364938
-0.153947
-0.933967
0.390529
0.409985
-0.341199
-0.6489
0.541751
-0.407546
0.0357632
-0.0153034
-0.0590839
-0.0273001
0.284653
-0.20286
-0.339795
0.264239
0.42984
-0.125402
-0.036536
0.255259
-0.485218
13.8878
5.45964
21.8735
-18.6593
-5.75434
-1.32246
0.501017
1.09019
-4.05651
-5.38157
-29.896
-32.72
10.5009
-11.1173
-2.18449
-0.190913
-9.17681
1.2185
22.1591
10.2237
11.9284
-7.66384
15.426
-24.5957
-9.87379
-0.581383
-5.97733
-3.65872
-5.0403
-5.56562
-31.2547
-50.2476
-16.9306
-8.93644
0.291535
0.629518
-9.67842
-3.9903
17.4862
9.42517
-22.3998
-39.7951
3.64889
-17.7241
-5.79771
-0.901216
-11.4309
-3.91517
16.4978
7.12586
-4.68697
-30.1468
1.01574
-16.122
-3.04289
-0.00717606
-8.65828
-4.10711
8.74802
3.38371
3.23804
-24.1052
5.45422
-17.8305
-4.20878
-0.257494
-7.12922
-3.30317
0.623882
-2.21655
6.01355
-27.6224
-1.24749
-23.5943
-6.49118
-0.653492
-11.3008
-5.58886
3.98585
-0.230526
22.0951
326.152
-54.2079
154.88
0
0
0
0
0
0
0
0
0.715366
332.818
-80.3101
229.457
0
0
0
0
0
0
0
0
-91.0518
309.118
74.9078
214.022
0
0
0
0
0
0
0
0
63.595
181.7
-94.3789
363.703
0
0
0
0
0
0
0
0
43.9316
299.332
-98.4267
281.22
0
3.48702e-16
0
0
0
1.04919e-14
0
0
-83.8262
258.68
62.5283
289.931
0
0
0
0
0
0
0
7.94606e-15
80.3027
272.189
-94.3793
269.655
0
0
0
0
0
6.56429e-16
0
0
84.6709
241.917
-84.9857
312.652
9.56789e-16
0
0
0
0
0
0
0
44.1608
126.174
16.2804
46.9201
0
0
0
0
0
0
0
0
39.3579
149.812
43.2494
123.57
0
0
0
0
0
0
0
0
-0.970023
100.052
46.1603
173.485
0
0
0
0
0
0
0
0
4.94362
113.98
34.8034
242.531
0
0
0
0
0
0
0
0
-50.4211
200.878
78.4794
247.848
0
0
0
0
0
0
0
0
-50.8393
259.337
66.514
304.211
0
0
0
0
0
0
0
0
6.3896
270.431
12.8708
333.22
0
0
0
0
0
0
0
0
