0.25
-0.0464
0.746369
-0.169224
0.0257758
0.185874
-0.0424258
-1.0044
0.150399
0.2794
-0.665401
-0.6273
0.699899
-0.2915
0.568262
-0.00420006
-0.393592
0.725008
1.09035
-1.42177
-0.810367
2.26761
-1.27087
1.18127
-1.83731
-0.792516
-1.04827
-0.0378608
0.745491
-0.201389
0.051669
0.224816
-0.0755255
-0.943954
0.23014
0.162972
-0.503046
-0.662471
0.667143
-0.33863
0.398605
-0.00273187
-0.313916
0.658417
0.551276
-0.919879
-0.997292
2.23273
-0.97677
0.636438
-0.984793
-0.917171
-1.31962
-0.0585968
0.748375
-0.159092
0.0745507
0.0308835
0.0536575
-0.981556
0.29509
0.181774
-0.504804
-0.653511
0.568418
-0.385759
0.23512
0.0157672
-0.193144
0.505763
0.099915
-0.412534
-1.05284
1.81861
-0.597546
-0.0492063
-0.132278
-1.24627
-1.37017
-0.0571334
0.748844
-0.17306
0.0887362
0.0339448
0.0536615
-0.93298
0.34525
0.160433
-0.455021
-0.658235
0.523908
-0.434693
0.183417
0.0114522
-0.156653
0.397193
0.0857162
-0.330041
-0.952786
1.40448
-0.0699858
-0.0232587
-0.119193
-1.01362
-1.28844
-0.0522687
0.751873
-0.176112
0.0981107
0.029336
0.074903
-0.967008
0.39541
0.34364
-0.448706
-0.660334
0.511919
-0.373594
0.136212
0.00856378
-0.0854527
0.262486
0.0666719
-0.24637
-0.717611
0.866901
0.345333
-0.148059
-0.058755
-0.570262
-1.02948
-0.0529466
0.752179
-0.179164
0.104135
0.0195928
0.0862985
-0.900772
0.408091
0.355973
-0.457642
-0.660273
0.507387
-0.401633
0.0809659
0.00459013
-0.0827963
0.189418
0.0346835
-0.135926
-0.482436
0.355066
0.415616
-0.250226
0.00168301
-0.126907
-0.785084
-0.0520281
0.752343
-0.143959
0.0699433
0.0204003
0.0844788
-0.914891
0.42099
0.389751
-0.466579
-0.657003
0.509839
-0.343198
0.0257193
0.00158561
-0.0620925
0.0904326
0.0226106
-0.0509507
-0.420494
0.358777
0.432123
-0.238684
0.0107219
0.0686731
-0.58761
-0.0515259
0.752349
-0.144141
0.0726088
0.0177049
0.0833751
-0.931997
0.433876
0.405591
-0.458334
-0.657049
0.519277
-0.364184
0.0140608
0.000850736
-0.0621949
0.074634
0.0184667
-0.0309058
-0.418536
0.358777
0.432123
-0.238684
0.0107219
0.264253
-0.604348
10.4033
5.75422
26.8698
-15.6512
-4.78304
-0.91443
0.530733
1.60232
-1.05524
-4.90953
-10.5559
-21.7826
13.5879
-13.8306
-2.36311
0.0374501
-13.0838
-0.622932
-8.09431
-7.63102
21.0886
15.9837
15.3389
-24.6324
-10.0556
-1.96133
-7.47135
-3.22597
-6.486
-6.99823
-19.9351
-17.5679
-9.58054
-11.2081
-0.077846
1.15515
-7.62018
-2.52988
21.7018
11.0099
9.4037
11.6161
18.6241
-23.4753
-9.64726
-1.5951
-15.2476
-7.24569
20.7774
8.98806
-7.23038
-1.08245
8.19606
-13.4289
-1.67331
0.274206
-9.31609
-3.78467
14.1179
7.19232
3.58321
2.3834
4.12948
-16.3819
-3.02304
-0.0122668
-9.16193
-4.11971
11.8345
4.15017
9.85433
-1.50396
-10.5635
-22.7144
-5.87149
-0.550828
-12.3788
-5.78608
4.3437
0.0644895
-0.996587
355.874
-44.9003
128.286
0
0
0
0
0
0
0
0
21.0774
346.691
-82.1324
234.664
0
0
0
0
0
0
0
0
-73.6408
321.06
48.3332
220.666
0
0
0
0
0
0
0
0
29.3451
225.757
-79.273
324.737
0
-6.38899e-16
0
0
0
0
0
0
-61.5492
359.051
14.7947
197.199
-3.22166e-16
-8.30944e-16
0
0
6.77795e-15
0
0
0
-100.575
315.379
44.2025
232.222
0
0
0
0
0
0
0
0
-85.3572
286.776
52.3665
260.869
0
0
0
0
0
0
0
0
-73.465
209.9
72.974
344.801
0
0
0
0
-3.00202e-15
0
0
0
47.9992
137.14
4.82475
13.785
0
0
0
0
0
0
0
0
46.4648
161.775
42.9339
128.265
0
0
0
0
0
0
0
0
20.1705
142.032
39.7522
201.249
0
0
0
0
0
0
0
0
22.875
185.424
17.7718
215.711
0
0
0
0
0
0
0
0
-31.5155
255.647
58.8737
198.533
0
0
0
-1.17102e-13
0
0
0
0
18.8382
269.184
-4.70519
273.639
0
0
0
0
0
0
0
0
-4.92662
239.848
18.3606
333.305
0
0
0
-9.31589e-15
0
0
0
1.25969e-13
