0.25
-0.0464
0.746369
-0.169224
0.0257758
0.185874
-0.0424258
-1.0044
0.150399
0.2794
-0.665401
-0.6273
0.699899
-0.2915
0.568262
-0.00420006
-0.393592
0.725008
1.09035
-1.42177
-0.810367
2.26761
-1.27087
1.18127
-1.83731
-0.792516
-1.04827
-0.0350113
0.745697
-0.223354
0.0709871
0.24021
-0.0926297
-0.931689
0.231112
0.209275
-0.623212
-0.640198
0.652413
-0.325062
0.49579
-0.0161939
-0.435681
0.786324
0.832303
-1.1816
-0.768881
2.11941
-0.70879
0.893962
-1.31968
-1.00007
-0.939901
-0.035696
0.745214
-0.238745
0.0866757
0.236073
-0.0840632
-0.935989
0.294398
0.199347
-0.589418
-0.678249
0.323747
-0.119377
0.419426
-0.00729405
-0.392665
0.755811
0.571585
-0.934669
-0.681181
1.77203
-0.298217
0.943833
-1.27635
-0.909371
-0.424166
-0.0218679
0.749339
-0.269023
0.21014
0.0926856
-0.0338018
-0.81343
0.34542
0.183532
-0.430809
-0.723833
0.301198
-0.0571401
0.342044
0.000593423
-0.433454
0.814721
0.29451
-0.687734
-0.488963
1.4286
0.0577829
0.56446
-0.462555
-0.49625
-0.206076
-0.0130025
0.749311
-0.27762
0.228945
0.0995906
-0.0509703
-0.831187
0.389493
0.278738
-0.43198
-0.480292
0.283384
-0.00422496
0.248842
-0.00172681
-0.279205
0.569301
0.190433
-0.493953
-0.416093
0.91364
0.40576
-0.0327799
0.33439
-0.507499
-0.24066
-0.0115525
0.749922
-0.265059
0.248028
0.0407566
-0.0238661
-0.840807
0.355187
0.291105
-0.373105
-0.468399
0.142967
-0.0132977
0.182028
-0.00224804
-0.200542
0.440306
0.0765437
-0.303067
-0.307852
0.461733
0.424145
-0.0719835
0.348589
-0.501641
-0.253511
-0.00767789
0.749967
-0.271697
0.261355
0.0392616
-0.0285938
-0.849736
0.375873
0.30668
-0.378914
-0.454659
0.137909
-0.0130796
0.13364
-0.00390374
-0.192175
0.368452
0.0668253
-0.269572
-0.252614
0.490224
0.435481
-0.100724
0.381647
-0.170929
-0.23139
-0.00427493
0.749869
-0.279752
0.27355
0.0416771
-0.0358372
-0.859068
0.410254
0.320783
-0.373
-0.434582
0.152119
-0.0213483
0.0983925
-0.00902024
-0.228299
0.357799
0.0665711
-0.269553
-0.210837
0.49632
0.43111
-0.0980944
0.403078
0.0784294
-0.231484
16.8621
7.26198
23.8549
-14.2785
-3.30793
-0.374568
-15.6201
-4.84234
0.985007
-2.61956
-13.4674
-28.3904
-2.34626
-11.2632
-2.00181
0.626205
-8.81254
-2.58428
-8.77651
-4.00709
-11.9247
-21.0339
12.5275
-16.1387
-5.95641
-1.20325
-2.70842
-0.119688
20.759
11.9776
-38.7995
-36.2171
-17.6908
-5.68178
1.99037
1.26439
-12.7314
-0.415746
10.2196
6.90205
-6.64596
-6.13042
13.5459
-20.8617
-8.36447
-1.49094
-4.54178
-0.988418
-10.5764
-5.97845
-16.3905
-14.1514
-4.87946
-14.94
-2.72027
-0.0415886
-11.9129
-4.84772
4.65886
4.42295
-13.8674
-5.89084
8.46489
-14.523
-2.2535
0.0750492
-7.85621
-2.70887
9.86549
5.9132
-1.26156
-2.26055
3.80586
-24.1588
-6.74791
-0.810429
-12.4721
-5.36964
-2.39507
-0.904548
23.1039
343.326
-54.8965
156.853
0
0
0
0
0
0
0
0
67.2858
239.385
-100.548
289.066
0
0
0
0
0
0
0
0
-111.898
319.694
54.1223
214.659
0
-4.54801e-15
0
0
0
0
0
0
60.1261
184.834
-97.9808
368.137
3.45476e-17
0
0
0
0
-2.74795e-16
0
-1.11038e-15
-110.79
321.139
79.3664
232.614
-4.67845e-16
-2.64608e-16
0
0
0
0
0
0
78.5109
229.944
-94.2279
318.694
0
0
0
0
0
0
0
0
55.0018
289.489
-84.4943
245.738
0
0
0
0
0
0
0
0
-92.3264
263.795
92.3289
290.014
0
0
0
0
0
0
0
0
31.464
89.8971
19.0566
54.4282
0
0
0
0
0
0
0
0
36.0296
102.933
54.9171
156.906
0
0
0
0
0
0
0
0
9.89005
96.2753
74.8067
215.228
0
0
0
0
0
0
0
0
-15.4244
95.1308
63.5393
184.541
0
0
0
0
0
0
0
0
-16.1753
162.742
75.6292
216.091
0
0
0
0
0
0
0
0
-2.60583
186.851
48.2584
250.759
0
0
0
0
0
0
0
0
14.6493
228.222
29.3872
267.02
0
0
0
0
0
0
0
0
