0.25
-0.0464
0.746369
-0.169224
0.0257758
0.185874
-0.0424258
-1.0044
0.150399
0.2794
-0.665401
-0.6273
0.699899
-0.2915
0.568262
-0.00420006
-0.393592
0.725008
1.09035
-1.42177
-0.810367
2.26761
-1.27087
1.18127
-1.83731
-0.792516
-1.04827
-0.0259574
0.740631
-0.232406
0.0441411
0.33843
-0.150459
-0.921076
0.227682
0.233137
-0.625168
-0.620164
0.630739
-0.328938
0.526115
-0.0686895
-0.415303
0.511035
1.44538
-1.5379
-0.795843
2.16392
-1.28942
1.07327
-1.71977
-0.584892
-0.93379
-0.0160541
0.732244
-0.242105
-0.0106813
0.492561
-0.222295
-0.937112
0.304965
0.00216358
-0.542921
-0.681584
0.619262
-0.350092
0.363476
-0.110827
-0.274586
0.137103
1.42468
-1.28386
-0.825591
1.77753
-1.02989
0.650931
-1.16249
-0.321349
-0.592298
-0.00374821
0.728286
-0.206559
-0.0520464
0.543442
-0.267373
-0.966931
0.354648
0.0613007
-0.536915
-0.658298
0.616349
-0.373867
0.237989
-0.115907
-0.218699
-0.043497
1.28992
-1.02982
-0.847787
1.39113
-0.107393
0.168163
-0.605214
-0.0815704
-0.667024
0.00466446
0.723609
-0.214194
-0.0562297
0.594065
-0.305359
-0.991193
0.410062
0.375451
-0.4819
-0.679913
0.531397
-0.415426
0.120143
-0.0777952
-0.161418
-0.0571303
0.85106
-0.696871
-0.741283
0.923777
0.546861
-0.108723
-0.288947
0.0316881
-0.653087
0.0518673
0.726343
-0.163129
-0.0570039
0.623972
-0.318357
-0.971084
0.426381
0.395694
-0.568251
-0.648423
0.538036
-0.429606
0.0759394
-0.0547865
-0.0856422
-0.0216779
0.474225
-0.363926
-0.63478
0.45693
0.566794
-0.385609
0.0260322
0.185879
-0.39704
0.0690982
0.725585
-0.142524
-0.0606957
0.640909
-0.329525
-0.990229
0.456761
0.414591
-0.580975
-0.647185
0.550854
-0.444226
0.054884
-0.050361
-0.0547992
-0.0595757
0.425102
-0.312711
-0.539533
0.349019
0.529118
-0.356261
0.0583253
0.332431
-0.412295
0.0807676
0.721555
-0.135143
-0.0628234
0.670283
-0.35936
-1.00729
0.426823
0.433562
-0.593553
-0.645101
0.559897
-0.458966
0.0380504
-0.0492431
-0.0304994
-0.105337
0.422817
-0.303938
-0.475874
0.241025
0.529122
-0.356224
0.0529694
0.33575
-0.412329
23.0537
11.0965
21.4438
-18.6648
-6.22865
-0.870183
-12.1143
-4.95051
-3.46904
-5.107
-28.7249
-39.2324
-4.67584
-12.1012
-2.99282
-1.23514
-4.01024
-0.32621
23.2589
12.8425
-22.9453
-47.0779
16.7302
-18.6706
-6.70611
-0.978216
-13.8112
-2.14842
21.4143
9.63394
0.266218
-40.5348
0.134077
-18.6134
-3.00653
1.16759
-8.17678
-3.10524
-6.78701
-6.55232
-19.4201
-65.8362
4.71626
-22.7834
-8.21644
-1.1356
-14.9727
-4.27709
17.2582
8.76099
-3.62256
-32.9507
41.3552
-18.6705
-3.7546
-0.216405
-9.29586
-3.23784
11.1193
3.7017
-6.18956
-51.8528
3.8572
-19.3972
-5.081
-0.32814
-12.8755
-4.87747
2.99328
-0.630704
13.4581
-18.0388
60.1292
-23.8563
-6.44378
-0.615445
-13.7599
-6.0136
4.58729
-0.214036
42.7843
317.951
-58.0283
165.795
0
0
0
0
0
0
0
0
32.1865
212.289
-72.3856
270.063
0
0
0
0
0
0
0
-1.92532e-18
-128.304
366.583
63.9798
210.874
0
-1.33035e-15
0
0
0
0
0
0
67.49
227.338
-56.442
285.692
6.91079e-15
2.42034e-14
0
-1.36526e-16
0
0
0
0
87.252
314.711
-110.002
314.29
-1.84766e-16
1.024e-17
0
0
0
0
0
0
-51.9036
467.344
31.1724
91.6607
0
-6.16214e-15
0
1.2205e-14
0
0
0
0
15.7429
260.207
30.9612
273.696
0
0
0
0
0
-1.28784e-16
0
0
-1.5625
543.943
0.95354
10.9241
0
0
0
0
0
0
0
0
32.3292
92.369
32.0381
91.5375
0
0
0
0
0
0
0
0
27.5127
111.677
44.0124
136.724
0
0
0
0
0
0
0
0
24.3267
142.131
54.763
157.143
0
0
0
0
0
0
0
0
-0.963406
136.155
69.7203
201.08
0
0
0
0
0
0
0
0
-37.3835
323.356
65.835
188.106
0
0
0
0
0
0
0
0
73.8472
371.435
-35.4167
245.018
0
0
0
0
0
0
0
0
93.9408
428.397
-57.3544
221.06
0
0
0
0
0
0
0
0
