0.251024
-0.0464
0.746369
-0.169226
0.0257743
0.185875
-0.0424235
-1.0044
0.1504
0.2794
-0.6654
-0.627301
0.6999
-0.2915
1.11506
0.0320116
0.304579
1.01528
0.806716
-2.12658
-0.832283
2.26493
-1.27199
1.17043
-1.84458
-0.869967
-1.09106
0.0802034
0.755277
-0.0337675
0.0621829
0.200419
-0.112093
-1.03425
0.23985
0.233785
-0.623428
-0.687462
0.668703
-0.330626
1.11435
-0.157417
0.427083
1.11014
0.405589
-1.94281
-0.908049
2.49437
-1.07414
0.981112
-1.67763
-0.484211
-1.42129
0.0672884
0.747151
0.105512
-0.0944051
0.214963
-0.181763
-1.00377
0.424135
0.195266
-0.585132
-0.728879
0.676354
-0.38085
1.28645
-0.180771
0.348928
1.26918
0.783279
-2.40139
2.2715
-0.493201
0.819487
1.06791
-1.15496
0.213375
-1.40052
0.0373862
0.743198
0.321603
-0.3636
0.242577
-0.200581
-0.791134
0.480277
0.0876842
-0.546837
-0.770297
0.684006
-0.365039
0.490098
-0.0591451
2.47017
-1.96179
0.512141
-1.02052
-0.914235
1.56556
-3
-0.230674
-1.7226
-0.511372
-2.29887
0.0595986
0.740388
0.429221
-0.444553
0.258657
-0.243325
-0.848034
0.536419
-0.0198977
-0.555109
-0.832071
0.665668
-0.447478
0.572522
-0.0844674
2.9306
-2.25744
0.448398
-1.12156
-1.58669
1.56135
-2.32445
-0.635362
-1.80405
-0.551108
-2.623
0.0835629
0.736486
0.550244
-0.53594
0.274737
-0.289041
-0.904934
0.59241
-0.103254
-0.577893
-0.896766
0.645904
-0.541541
0.707429
-0.132606
3.39377
-2.54842
0.543696
-1.38905
-2.01485
1.32621
-1.60065
-1.04954
-1.84962
-0.656217
-2.90166
0.116963
0.729559
0.70108
-0.643522
0.294234
-0.351792
-0.977152
0.639969
-0.160654
-0.61553
-0.953895
0.622511
-0.645596
0.919637
-0.241414
3.95763
-3
1.03821
-1.99584
-2.11942
1.01181
-1.04877
-1.46266
-1.59306
-0.708339
-3
0.179397
0.717687
0.960798
-0.751104
0.186652
-0.396346
-1.01976
0.747551
-0.268236
-0.667981
-0.846313
0.591344
-0.574764
1.5113
-1.06622
2.98637
2.81831
-3
3
0.543362
3
-3
-3
3
-3
1.97523
11.3527
-6.95315
-1.16462
-21.825
-6.82791
-0.952227
-11.5814
-5.2346
2.90607
-0.68527
-49.8056
-18.9223
39.6129
22.1387
15.4165
3.24457
0.910762
2.60285
18.1906
7.93457
-100
-58.5961
6.09989
63.6678
32.3632
6.04966
9.07941
7.21989
26.319
14.1591
17.5285
-1.50881
11.9036
-7.2137
1.50444
0.0320821
-3.33202
-2.17803
8.37994
2.24014
23.6205
17.6877
42.8179
-2.25108
3.78955
0.300748
-0.589303
-1.32121
7.60738
1.97947
17.8068
16.5958
43.0594
0.455868
5.06572
0.454451
3.22433
0.801835
6.35635
1.89586
-54.9912
-28.696
21.2144
27.6578
17.9328
2.59493
23.7699
15.0984
20.3163
13.5504
55.1371
-63.9835
68.8489
100
100
6.52177
60
44.3394
20.7475
50
-68.3661
195.332
68.2788
253.762
0
0
0
0
0
0
0
0
-86.4827
439.759
-0.000149121
0
0
0
0
0
0
0
0
0
-88.1032
251.723
-37.6166
107.476
0
0
0
0
0
0
0
0
81.8275
233.793
-39.1376
213.933
0
0
0
0
0
0
0
0
-0.464206
364.719
13.6199
38.9139
0
0
0
0
0
0
0
0
7.44631
340.179
-0.113902
0
0
0
0
0
0
0
0
0
-83.2636
237.896
-0.000331346
0
0
0
0
8.33068e-15
0
0
0
0
10.1889
0
0.000217677
0
0
0
0
0
-0.000134384
0
0
0
43.8244
125.212
1.95619
5.58912
0
0
0
0
0
0
0
0
71.8156
205.188
43.8628
125.322
0
0
0
0
0
0
0
0
-25.1654
71.9011
-4.94695e-05
0
0
0
0
0
0
0
0
0
68.4834
195.667
18.7491
55.2051
0
0
0
0
0
0
6.68074e-14
0
94.8306
270.945
0.000150105
0
0
0
0
0
0
0
0
0
80.1266
228.933
19.7441
56.4118
0
0
0
0
0
0
0
0
132.595
378.843
112.04
320.114
0
0
0
0
0
0
0
0
