0.25
-0.0464
0.746369
-0.169226
0.0257743
0.185875
-0.0424235
-1.0044
0.1504
0.2794
-0.6654
-0.627301
0.6999
-0.2915
1.11506
0.0320116
0.304579
1.01528
0.806716
-2.12658
-0.832283
2.26493
-1.27199
1.17043
-1.84458
-0.869967
-1.09106
0.0268171
0.747842
-0.0563993
0.0613151
0.11478
-0.118373
-1.04228
0.207109
0.233972
-0.6236
-0.686345
0.68136
-0.330467
1.10721
-0.0772616
0.514229
0.976915
0.438321
-1.92947
-0.652022
1.58786
-0.595222
0.974872
-1.65323
-0.519111
-1.44637
0.107974
0.745026
0.0243219
0.0909012
0.129838
-0.188627
-1.06557
0.2514
0.213692
-0.588783
-0.737205
0.680157
-0.382123
1.11779
-0.212695
0.712818
0.828413
0.425885
-1.96712
-0.494742
1.24015
-0.243264
0.843843
-1.42408
-0.0336988
-1.75888
0.110846
0.73646
0.198862
-0.0739963
0.137104
-0.262759
-1.08324
0.244991
0.231935
-0.558645
-0.776801
0.700126
-0.439326
1.25533
-0.250493
0.875081
0.997172
0.20345
-2.0757
0.212954
-0.179458
0.510806
0.649563
-1.10868
0.559131
-2.10303
0.195526
0.720929
0.301064
-0.0379984
0.116854
-0.336891
-1.11955
0.238582
0.249234
-0.535447
-0.812706
0.736817
-0.514434
1.28137
-0.415415
1.03532
1.32401
-0.567005
-1.79232
-0.110868
0.0566495
0.48435
0.447118
-1.00535
1.02735
-2.49082
0.248624
0.701388
0.364102
0.00928781
0.070541
-0.400903
-1.13877
0.240605
0.266743
-0.519478
-0.8482
0.786441
-0.603392
1.25963
-0.528169
1.23499
1.56013
-1.38522
-1.40991
-0.537977
0.313325
0.537996
0.25669
-0.993837
1.38946
-2.84766
0.31519
0.67056
0.455545
0.0650069
0
-0.466089
-1.17041
0.251795
0.285957
-0.510311
-0.875791
0.853566
-0.705095
1.25767
-0.721014
1.47959
1.73827
-1.97515
-1.24271
-0.814502
0.387193
0.610178
0.122354
-0.772543
1.8795
-3
0.340167
0.645618
0.617477
-0.0421359
0
-0.573232
-1.27756
0.265799
0.307749
-0.505941
-0.768648
0.869387
-0.609546
1.23359
-0.353359
3.14677
-3
2.96522
-3
-3
1.24573
-3
-3
3
-3
2.67537
-42.4068
-58.1572
-46.2593
-3.18561
1.10952
0.490975
-3.59165
0.651249
12.7727
5.4536
-5.08294
13.9237
49.2713
-6.22017
-0.0577218
0.267817
-4.3225
-1.14167
12.7376
4.64405
-51.8189
-32.3108
6.26347
8.89575
6.57709
1.56915
2.46478
3.91417
19.1435
8.87792
-16.9406
-28.3381
-21.7154
-8.40782
-1.38702
0.0385368
-2.38811
0.164673
11.7137
4.39641
3.86466
3.67241
19.0205
-10.8354
-2.63388
-0.198438
-4.30219
-1.90599
8.62952
2.19296
-14.6588
-17.0956
-8.98908
-5.624
-0.413712
0.22085
-1.98029
-0.113075
8.98827
2.51201
-29.6517
-0.970152
32.2004
0.853844
2.28467
0.876959
13.6623
9.82464
20.6953
11.435
-100
-28.3543
-48.5618
-69.4132
-22.5637
-14.1668
9.67456
46.1405
-23.2475
50
0.137145
2.85056
-15.8185
448.513
0
0
0
0
0
0
0
0
-57.5974
445.246
0.0886855
3.70429
0
0
1.33138e-14
0
0
0
0
0
-84.9866
245.682
66.7092
190.598
0
0
0
0
0
0
0
0
-4.10931
43.6846
79.7859
345.836
0
0
0
0
0
-7.12236e-15
0
0
37.7678
216.101
43.0146
143.92
-1.56472e-15
0
0
0
0
0
0
0
17.4465
58.8709
88.0415
251.547
0
0
0
0
0
0
0
0
30.0901
261.871
-5.46051
15.6015
0
0
0
0
0
0
0
0
0.380215
1.4142
525.547
1501.56
0
0
0
0
-0.00105125
0
0
0
14.4883
41.3952
25.6751
73.3575
0
0
-2.70013e-14
0
0
0
0
-7.11283e-14
62.4515
178.433
1.44715
4.13466
0
0
0
0
0
0
0
0
3.4893
9.96941
46.024
131.497
0
0
-4.7095e-15
0
0
0
0
0
3.45125
9.8607
13.9952
39.9862
0
0
0
0
0
0
0
0
13.187
37.6674
0.246547
2.12773
0
0
0
0
0
0
0
0
30.6473
87.5636
3.91449
11.1842
0
0
0
2.51979e-14
0
0
0
0
0.952956
2.72286
0.184685
0.527795
0
0
0
0
0
9.47799e-14
0
0
