0.25
-0.0464
0.746369
-0.169226
0.0257743
0.185875
-0.0424235
-1.0044
0.1504
0.2794
-0.6654
-0.627301
0.6999
-0.2915
1.11506
0.0320116
0.304579
1.01528
0.806716
-2.12658
-0.832283
2.26493
-1.27199
1.17043
-1.84458
-0.869967
-1.09106
0.0357694
0.751818
-0.106186
0.0642952
0.219347
-0.118373
-0.882724
0.436861
0.233972
-0.6236
-0.68717
0.66883
-0.330467
1.17944
-0.113484
0.286004
1.07859
0.937211
-2.3018
1.98937
-0.349521
1.16378
1.10051
-1.67635
-0.352331
-1.29033
-0.00615778
0.745442
0.112709
-0.218906
0.235832
-0.129634
-0.719393
0.471177
0.162335
-0.619714
-0.773845
0.656247
-0.341164
0.51798
-0.0231842
2.0916
-1.51256
0.447588
-1.02662
-0.570481
0.960871
-3
0.108794
-2.63269
-1.13543
-2.07068
0.0105556
0.744397
0.185056
-0.273308
0.251817
-0.163565
-0.739767
0.505494
0.0772368
-0.636087
-0.86787
0.612057
-0.415116
0.515337
-0.0335306
2.55609
-1.92836
0.345628
-0.973357
-1.44508
1.17727
-2.35958
-0.458453
-2.75339
-1.23732
-2.43451
0.0230989
0.743286
0.267273
-0.342177
0.264161
-0.189256
-0.791378
0.547379
-0.000952593
-0.672453
-0.966205
0.560175
-0.502063
0.552119
-0.0348011
3.04858
-2.22733
0.0746205
-0.895874
-2.18358
1.17278
-1.75838
-1.03956
-2.90127
-1.45268
-2.74832
0.0423328
0.742132
0.379501
-0.421725
0.258594
-0.21637
-0.869363
0.580693
-0.063752
-0.731507
-1.06982
0.496107
-0.600218
0.68282
-0.0343045
3.61546
-2.25477
-0.601495
-0.759201
-2.70601
0.932783
-1.15241
-1.65351
-3
-1.79392
-3
0.0681024
0.741917
0.534723
-0.502252
0.188628
-0.221098
-0.96591
0.614006
-0.0810481
-0.799227
-1.17165
0.431999
-0.70736
0.994784
-0.0403827
4.46508
-1.53183
-2.80087
-0.132386
-3
0.122402
-0.484291
-2.49146
-2.85132
-2.56856
-3
0.119264
0.735599
0.720977
-0.559023
0.0885971
-0.250551
-1.02888
0.506864
-0.139131
-0.888207
-1.17489
0.340265
-0.727909
1.11007
-0.498055
4.13563
-1.58958
1.23988
-2.8382
-1.75884
-3
-1.62631
-3
-0.0906384
-3
-0.575363
-16.615
-19.6749
-1.23992
14.479
13.1736
2.97924
-12.2247
-5.89792
2.34354
-1.20017
-100
-59.5217
9.30744
54.6313
28.5419
5.50971
1.35917
3.25507
24.6444
12.7401
17.5667
-2.58839
10.2457
-8.69194
0.663074
0.131722
-10.5922
-5.88255
5.16364
0.318322
32.0166
23.7016
48.3677
-8.41407
0.741958
-0.0576966
-8.69487
-5.58879
4.22456
-0.260627
27.6541
16.1022
35.2626
-7.76348
1.02305
-0.118813
-6.26976
-4.2602
2.80928
-0.578889
17.1474
15.9146
39.2742
-2.28882
3.81031
0.480696
0.398552
-0.736117
4.33798
1.03309
-16.2904
-6.18995
10.8309
-0.357477
2.12016
-0.0491507
12.5772
7.03966
3.90469
4.2351
66.3124
98.364
13.2865
-100
-80.7568
-20.8151
42.4802
49.7881
52.7819
49.549
-62.6565
194.649
21.8092
212.901
2.8456e-14
0
0
0
0
0
0
0
-106.121
303.202
-36.2754
112.071
2.27408e-14
0
0
0
0
0
0
0
-60.8773
249.975
79.1674
226.34
0
0
0
0
0
0
0
0
-17.8991
417.379
9.7922
27.9777
0
0
0
0
0
0
0
0
-13.2286
329.49
23.7175
67.7642
-4.50524e-15
-7.06487e-15
0
0
0
0
0
0
-8.63811
322.658
0.0196666
0
0
0
0
-1.87727e-14
0
0
0
0
-33.5637
115.068
0.000511794
0
-1.31129e-16
3.15717e-17
2.0257e-16
0
0
0
0
0
0.000462424
0
27.784
79.3829
0.00360923
0.0103121
9.25496e-06
0
0
0
0
0
27.5005
78.5729
40.3061
115.16
0
0
0
0
0
0
0
0
-32.8931
93.9803
-0.0053232
-3.46945e-18
0
0
0
0
0
0
0
0
72.5966
207.419
19.8418
56.6908
0
0
0
0
0
0
0
0
80.8028
271.459
0.00728458
0
0
0
0
0
0
0
0
0
90.3399
258.114
-1.50802
35.6634
0
0
0
0
0
0
0
0
81.2176
232.05
58.5619
167.32
0
0
0
0
0
0
0
0
22.5116
64.3187
0.197051
13.7761
0
0
0
0
0
0
0
0
