0.250017
-0.0464
0.746369
-0.169226
0.0257743
0.185875
-0.0424235
-1.0044
0.1504
0.2794
-0.6654
-0.627301
0.6999
-0.2915
1.11506
0.0320116
0.304579
1.01528
0.806716
-2.12658
-0.832283
2.26493
-1.27199
1.17043
-1.84458
-0.869967
-1.09106
0.0218657
0.752578
-0.0222544
0.0656124
0.0353295
-0.118378
-1.03413
0.19052
0.233968
-0.623597
-0.690872
0.668828
-0.330469
1.10351
-0.0659909
0.477145
1.34839
-0.249036
-1.57649
-0.778153
1.12329
-0.105261
0.86388
-1.77987
-0.794028
-1.48464
0.140294
0.735798
-0.0520648
0.274988
0.0231551
-0.216682
-1.06182
0.230641
0.248258
-0.584228
-0.754443
0.630258
-0.386845
1.05382
-0.250434
0.805592
1.03135
-0.340861
-1.49609
-1.27713
0.670478
0.400076
0.416228
-1.92159
-1.07918
-1.5784
0.16553
0.726122
0.0951844
0.177612
0.0104164
-0.274485
-1.11073
0.237861
0.262547
-0.569362
-0.820919
0.592237
-0.44322
1.05901
-0.301969
1.269
0.501044
-0.151674
-1.61837
-1.36915
0.202148
0.451218
-0.0271576
-1.8612
-1.06451
-2.00684
0.23249
0.709303
0.193597
0.184655
0.0049991
-0.335488
-1.17198
0.245081
0.278663
-0.570332
-0.887395
0.559192
-0.514897
1.07295
-0.429363
1.63733
0.210615
-0.139965
-1.70798
-1.71497
0.283243
0.452956
-0.324808
-1.88387
-0.925197
-2.43125
0.268824
0.691547
0.327546
0.116073
0
-0.407371
-1.23659
0.251706
0.292888
-0.581933
-0.950376
0.528651
-0.601734
1.18156
-0.561487
1.93796
0.0746311
3.32265e-09
-2.01259
-1.80893
0.185483
0.398271
-0.730584
-1.76334
-0.855104
-2.77842
0.324999
0.66139
0.430845
0.110902
0
-0.505499
-1.31065
0.258422
0.309892
-0.608027
-1.00845
0.503096
-0.70097
1.23254
-0.74175
2.26947
-0.107114
0.101498
-2.26386
-2.0874
0.188034
0.47608
-0.973176
-1.62603
-0.715487
-3
0.367433
0.625412
0.614353
0.00383499
0.00362516
-0.586356
-1.38521
0.177813
0.326896
-0.642785
-0.943088
0.477541
-0.679586
1.48176
-0.79738
2.72175
-2.99767
3
-1.16715
-0.0235739
-3
-3
-3
1.83009
-3
0.598698
-54.8344
-63.9549
-42.8688
4.48642
4.35866
1.05842
-1.0889
2.26634
14.9677
6.71769
67.2484
49.8604
36.8808
-44.1647
-16.7005
-2.73315
-18.4851
-10.6505
-5.82452
-6.52767
-54.8849
-49.6885
-38.7055
-0.806595
2.28488
0.804602
-2.9682
1.25319
9.97829
4.17394
-8.02751
4.48898
20.9157
-11.5281
-2.51477
-0.106447
-5.46123
-1.75901
6.6706
1.68716
-19.9488
-5.91243
12.2485
-5.16871
0.245075
0.408863
-2.13063
0.360427
7.01768
2.20147
0.602871
7.88416
18.6733
-11.2429
-2.76493
-0.183746
-3.2381
-1.01418
3.25165
0.0888194
-36.2983
-26.5531
-11.2223
-2.75951
0.255521
0.495969
10.8593
9.12218
14.2846
8.64828
-100
-2.88913
17.2274
44.421
-19.7826
-16.922
40.3144
50
14.5853
49.9145
-10.5926
30.289
-31.361
422.633
0
0
0
0
0
0
0
0
50.8333
332.735
21.4539
133.36
0
0
0
7.55283e-18
0
0
0
0
-0.0146086
0.0488614
69.2068
440
0
0
0
-2.22846e-15
0
0
0
0
3.54048
253.498
56.2111
161.559
0
0
0
0
-7.46119e-15
-1.42447e-14
0
0
66.7243
190.641
9.4113
176.584
0
0
0
0
0
0
0
0
49.409
181.3
41.7224
119.333
0
-1.35852e-16
0
0
0
0
0
0
-5.56893
27.3049
67.7961
196.438
0
3.60508e-21
0
0
0
0
0
0
3.96202e-05
0
-7.81964e-05
7.10543e-15
-1.61274e-15
0
0
0
-0.000190395
0
0
0
0.000304348
0
-2.39617
18.4479
0
0
0
0
0
0
0
0
0.0117822
0.035762
0.000495481
0
0
0
0
0
0
0
0
0
-0.0168757
0.0484607
-22.5582
64.4521
0
0
0
0
0
0
0
0
37.2225
107.441
0.389013
2.28386
0
0
0
0
0
0
0
0
35.7903
102.258
0.275451
0.784797
0
0
0
0
0
0
0
0
15.646
44.7028
11.3149
32.3283
0
0
0
0
0
0
0
0
12.99
37.1142
0.00322669
0.0095111
0
0
0
0
0
0
0
0
