0.279104
-0.0464
0.746369
-0.169226
0.0257743
0.185875
-0.0424235
-1.0044
0.1504
0.2794
-0.6654
-0.627301
0.6999
-0.2915
1.11506
0.0320116
0.304579
1.01528
0.806716
-2.12658
-0.832283
2.26493
-1.27199
1.17043
-1.84458
-0.869967
-1.09106
0.0468877
0.746796
-0.00660175
0.0662556
0.0675606
-0.127214
-1.03759
0.19233
0.228683
-0.544795
-0.661197
0.665213
-0.335003
1.1357
-0.103514
0.389895
1.4975
-0.263863
-1.62353
-0.713857
1.0516
-0.00550679
0.481367
-0.850133
-0.75785
-1.49178
0.145962
0.73209
-0.133701
0.356374
0.0465827
-0.254576
-1.06605
0.234259
0.254616
-0.525602
-0.695094
0.634996
-0.398113
1.07869
-0.266695
0.77048
1.20253
-0.526131
-1.44688
-1.17475
0.170943
0.650406
-0.136376
-0.854184
-1.17781
-1.58726
0.178102
0.720996
0.025409
0.261522
0.0253345
-0.312266
-1.13176
0.237428
0.272273
-0.531039
-0.71948
0.588034
-0.4614
1.02836
-0.31536
1.4334
0.487995
-0.53291
-1.38849
-1.64805
0.0794707
0.442848
-0.8645
-0.611613
-1.24755
-2.13858
0.240313
0.702827
0.15621
0.238763
0.00408622
-0.371665
-1.21993
0.240597
0.289187
-0.565509
-0.734229
0.538292
-0.54667
1.01831
-0.426658
1.9971
-0.0896582
-0.417703
-1.48974
-2.21135
0.178703
0.424191
-1.56
-0.369898
-1.30553
-2.65274
0.28864
0.680235
0.313798
0.165194
-5.05918e-15
-0.451599
-1.31927
0.247321
0.304823
-0.627709
-0.725457
0.486238
-0.65244
1.12799
-0.585801
2.42544
-0.424951
-0.0901111
-1.91038
-2.49142
0.16865
0.392161
-2.48027
0.219985
-1.4832
-2.99813
0.351137
0.643205
0.451203
0.139608
0
-0.563416
-1.41938
0.254192
0.324418
-0.726603
-0.691513
0.427183
-0.771981
1.21784
-0.81684
2.74275
-0.489775
0.00608295
-2.25906
-2.7646
0.17233
0.491459
-3
0.851324
-1.58238
-3
0.435078
0.569387
0.628492
0.120079
0.000242529
-0.683033
-1.5289
0.172714
0.432186
-0.653592
-0.657569
0.363758
-0.68537
1.74216
-1.5574
1.10016
3
3
-3
1.31716
-3
2.70287
1.83113
-3
-2.99596
2.17665
-60.0322
-64.8235
-41.65
5.10692
4.56921
1.08225
8.22597
7.73811
15.1528
6.8437
74.6512
51.5161
37.2565
-49.1169
-18.8239
-3.1127
-20.0938
-11.8533
-6.89982
-7.18937
-57.855
-52.5771
-38.3598
-4.01326
0.847581
0.542357
-3.03336
1.50116
8.57851
3.50148
-17.4983
-2.50436
18.7413
-11.9431
-2.67687
-0.121624
-3.83176
-0.221096
6.17393
1.59811
-26.3608
-22.7396
-15.3323
-9.39749
-1.65779
0.0693775
-1.29526
1.60114
4.21936
1.00674
-6.76239
-2.21631
6.06167
-10.7814
-2.5722
-0.130065
-1.04473
0.996724
1.27587
-0.626353
-29.9917
-18.8787
-1.75663
-9.72387
-2.79376
-0.021014
19.591
13.4121
12.7945
8.95138
83.2706
70.4072
42.193
99.9809
16.2961
6.10778
60
-6.4587
20.1281
50
4.66592
32.1297
-54.4765
404.89
0
0
0
0
0
0
0
0
51.4442
327.142
44.8387
130.684
0
0
0
0
0
0
0
0
-0.00481768
0
69.9301
444.284
0
0
0
0
0
0
0
0
-3.48797
244.166
60.4933
172.838
0
0
0
0
0
0
0
0
15.1282
43.2235
93.2428
302.733
0
0
0
0
0
0
0
0
37.7351
107.815
55.3641
158.183
0
0
0
0
0
0
0
0
16.6389
57.6066
18.3879
118.322
0
0
0
0
0
0
0
0
67.8824
193.95
-44.5648
127.328
0
0
0
0
-0.000131036
0
0
0
0.00187428
0
8.92404
25.4972
0
0
0
0
0
0
0
0
2.1887
6.25342
0.00149238
0
0
0
0
0
0
0
0
0
-0.00158251
0.010182
-25.2944
72.2698
0
0
0
0
0
0
0
7.60342e-14
-16.0441
45.8404
-5.77099
16.4886
0
0
0
0
0
0
0
0
-4.49008
12.8288
-12.8699
36.7712
0
0
0
0
0
0
0
0
-14.7677
50.2119
4.83765
16.3163
0
0
0
0
0
0
0
0
45.8468
130.991
16.427
47.4624
0
0
0
0
0
-9.47799e-14
0
0
