0.25
-0.0464
0.746369
-0.169226
0.0257743
0.185875
-0.0424235
-1.0044
0.1504
0.2794
-0.6654
-0.627301
0.6999
-0.2915
1.11506
0.0320116
0.304579
1.01528
0.806716
-2.12658
-0.832283
2.26493
-1.27199
1.17043
-1.84458
-0.869967
-1.09106
0.0165116
0.753846
-0.024183
0.0729195
0.0111363
-0.109255
-1.03413
0.189691
0.245873
-0.6236
-0.690323
0.671648
-0.330467
1.11357
-0.0603246
0.452673
1.32007
-0.114042
-1.6587
-0.661582
1.10014
-0.108541
0.894645
-1.76462
-0.778454
-1.45956
0.120233
0.73609
-0.0764758
0.28399
2.10411e-05
-0.20724
-1.01662
0.228982
0.255991
-0.569675
-0.753345
0.634067
-0.382594
1.03663
-0.218268
0.838167
0.778527
0.0261782
-1.64287
-1.29069
0.916801
0.283295
0.46078
-1.98067
-1.09947
-1.56837
0.155234
0.728157
0.064728
0.199324
0
-0.270933
-1.06832
0.242959
0.27256
-0.553219
-0.823997
0.595091
-0.438607
1.01751
-0.275098
1.34129
0.118529
0.323571
-1.78339
-1.44765
0.391376
0.467581
0.0364795
-1.97829
-1.09133
-2.02536
0.218466
0.710895
0.173807
0.181881
0.0115561
-0.343755
-1.13253
0.256937
0.289259
-0.551916
-0.894651
0.559222
-0.510941
1.03578
-0.392948
1.74954
-0.379863
0.669346
-2.03902
-1.79796
0.395941
0.481254
-0.300451
-2.01792
-1.00435
-2.47069
0.261801
0.692268
0.304669
0.111716
0.0354613
-0.430435
-1.20181
0.267884
0.306411
-0.562646
-0.96433
0.524306
-0.59918
1.13265
-0.531488
2.05912
-0.635898
1.00381
-2.42704
-1.93975
0.306522
0.452595
-0.696194
-1.95103
-0.977629
-2.82156
0.311682
0.66608
0.405248
0.0800158
0.0713119
-0.535164
-1.27103
0.278832
0.326148
-0.58751
-1.02932
0.493925
-0.69995
1.18683
-0.696981
2.40751
-0.887619
1.19762
-2.71752
-2.18023
0.304813
0.552628
-0.885161
-1.81979
-0.850677
-3
0.374277
0.621331
0.590149
0.0483151
0
-0.632218
-1.37694
0.289727
0.43329
-0.619123
-0.92218
0.463544
-0.644204
1.57494
-1.1012
1.79202
3
-1.99673
2.99905
-2.96534
3
3
-3
3
-3
1.56089
-55.2389
-64.5558
-42.6177
4.41471
4.39121
1.1246
-1.11777
2.28091
15.3824
6.93014
60.9926
47.6952
35.5223
-37.0937
-13.6571
-2.16012
-17.1596
-9.95258
-5.57569
-6.37332
-51.9308
-45.7816
-37.1941
-2.13807
1.76698
0.728641
-3.7492
0.666461
9.49769
3.85674
-12.8588
2.40718
20.3257
-9.72829
-1.55948
0.0908615
-4.96065
-1.41098
7.15457
1.99981
-24.6411
-22.6287
-16.3733
-7.09281
-0.54998
0.279593
-3.23735
-0.0992248
5.13772
1.37423
7.22308
22.0113
43.2642
-10.3624
-2.21263
-0.060305
-3.25405
-1.4674
3.28698
-0.052042
-46.2624
-37.4623
-17.1249
1.89669
2.88439
1.12295
13.5628
11.2985
15.9339
10.0625
82.4417
36.4596
99.999
-67.2121
12.7945
13.8983
30.1454
50
10.7515
50
-11.8753
33.9296
-32.0173
422.735
0
0
0
0
0
0
0
0
49.1012
326.052
11.9023
130.282
0
0
0
0
0
0
0
0
-1.48937
7.3101
63.5096
440.99
0
0
0
0
0
0
0
0
-8.82407
255.997
58.8213
168.061
0
0
0
0
7.46119e-15
-1.42447e-14
0
0
-4.05762
45.3724
109.694
313.412
0
0
0
0
0
0
2.86628e-15
0
61.6849
305.143
0.887225
4.63175
0
0
0
0
0
0
0
0
-1.57835
4.85365
50.6417
218.875
0
0
0
0
0
0
0
0
33.1265
94.6471
0.000339249
0
0
0
0
0
-0.000103559
0
0
0
-0.00623431
0
9.20999
31.6638
0
0
0
0
0
0
0
0
0.00236562
0
0.0028906
0
0
0
1.4253e-13
0
0
0
0
0
-0.00281533
0
-21.5898
61.685
0
0
0
0
0
0
0
0
12.2055
34.8727
17.601
50.2887
0
0
0
0
0
0
0
0
31.6207
90.3448
0.000582203
-1.92837e-16
0
0
0
0
0
0
0
0
32.1515
91.8616
2.38057
6.80163
0
0
0
0
0
0
0
0
103.659
296.168
4.31798
12.3371
0
0
0
0
-4.72461e-14
0
0
0
