0
0
0
4.2119e+266
6.91485e-310
6.91487e-310
2.31767e-236
6.91485e-310
6.91487e-310
-3.65266e+292
6.91485e-310
6.91484e-310
3.15024e+144
6.91485e-310
6.91487e-310
0
0
0
5.69075e+23
6.91485e-310
6.91487e-310
0
0
0
-4.86204e+44
6.91485e-310
6.91487e-310
0
0
0
0
0
0
2.03602e-122
6.91485e-310
6.91487e-310
3.15024e+144
6.91485e-310
6.91487e-310
7.03908e-199
6.91485e-310
6.91485e-310
0
0
0
0
0
0
1.40521e+180
6.91485e-310
6.91487e-310
-5.73273e-124
6.91485e-310
6.91484e-310
6.18551e-226
6.91485e-310
1.23574e-316
0
0
0
0
0
0
-4.82691e+283
6.91485e-310
6.91487e-310
0
0
0
0
0
0
0
0
0
0
0
0
9.19332e-307
6.91485e-310
6.91484e-310
6.91484e-310
1.52617e-320
0
0
0
-2.9128e+268
6.91485e-310
6.91484e-310
0
0
0
8.32399e-200
6.91485e-310
6.91484e-310
0
0
0
-1.07387e-293
6.91485e-310
6.91487e-310
-2.55134e+166
6.91485e-310
6.91484e-310
-4.34205e-137
6.91485e-310
6.91484e-310
-2.51254e+110
6.91485e-310
6.91487e-310
0
0
0
-5.21977e-225
6.91485e-310
2.65537e-316
0
0
0
0
0
0
5.27266e+283
6.91485e-310
6.91485e-310
0
0
0
-7.4491e-292
6.91485e-310
2.65537e-316
0
0
0
-2.15044e-110
6.91485e-310
6.91485e-310
0
0
0
0
0
0
6.59087e+66
6.91485e-310
6.91484e-310
0
0
0
0
0
0
0
0
0
-8.89477e+205
6.91485e-310
6.91487e-310
8.17079e+97
6.91485e-310
6.91487e-310
0
0
0
1.23921e-149
6.91485e-310
6.91484e-310
0
0
0
-1.69507e+10
6.91485e-310
6.91487e-310
0
0
0
0
0
0
0
0
0
1.06616e-217
6.91485e-310
6.91487e-310
0
0
0
0
0
0
8.77805e+30
6.91485e-310
1.15167e-316
4.13958e-98
6.91485e-310
6.91487e-310
7.5656e-308
6.91485e-310
6.91484e-310
7.5656e-308
6.91485e-310
6.91484e-310
0
0
0
2.54694e+166
6.91485e-310
6.91487e-310
0
0
0
0
0
0
0
0
0
9.21076e+255
6.91485e-310
6.91487e-310
-1.51633e-224
6.91485e-310
6.91484e-310
0
0
0
1165.78
6.91485e-310
6.91487e-310
0
0
0
0
0
0
2.82975e-308
6.91485e-310
6.91487e-310
0
0
0
-1.1891e+80
6.91485e-310
6.91484e-310
0
0
0
-5.55338e+190
6.91485e-310
6.91484e-310
0
0
0
9.238e-68
6.91485e-310
6.91484e-310
-6.4311e+222
6.91485e-310
6.91487e-310
2.89724e+109
6.91485e-310
9.12578e-317
2.68794e+23
6.91485e-310
6.91487e-310
0
0
0
0
0
0
-2.28689e-36
6.91485e-310
6.91484e-310
0
0
0
-9.88184e+245
6.91485e-310
1.15167e-316
-4.29635e-54
6.91485e-310
6.91484e-310
7.69811e+178
6.91485e-310
6.91485e-310
7.9263e+265
6.91485e-310
6.91484e-310
1.40106e+180
6.91485e-310
6.91487e-310
0
0
0
0
0
0
0
0
0
0
0
0
-1.10986e-109
6.91485e-310
6.91487e-310
-5.1774e+79
6.91485e-310
6.91485e-310
0
0
0
0
0
0
1.55936e+15
6.91485e-310
6.91487e-310
4.46658e-116
6.91485e-310
6.91485e-310
0
0
0
0
0
0
6.55101e-240
6.91485e-310
6.91487e-310
0
0
0
-5.90031e+21
6.91485e-310
6.91487e-310
5.34438e-61
6.91485e-310
6.91484e-310
0
0
0
0
0
0
0
0
0
0
0
0
4.92397e+38
6.91485e-310
6.91487e-310
0
0
0
6.13527e+34
6.91485e-310
6.91487e-310
1.40336e+180
6.91485e-310
9.12578e-317
